1.354670 2.000000 
2.804559 1.000000 
2.130247 2.000000 
1.338609 2.000000 
1.757105 1.000000 
0.581751 2.000000 
2.582577 1.000000 
2.283797 2.000000 
3.952265 2.000000 
2.449966 1.000000 
2.206776 1.000000 
1.537887 2.000000 
1.721340 2.000000 
1.506331 2.000000 
2.271748 1.000000 
2.500290 2.000000 
2.715739 2.000000 
1.128250 2.000000 
3.668785 2.000000 
2.712651 1.000000 
2.542940 1.000000 
1.667276 2.000000 
2.049060 1.000000 
1.978113 2.000000 
1.962783 1.000000 
0.237007 2.000000 
1.726283 2.000000 
1.548598 2.000000 
1.742459 1.000000 
2.242728 1.000000 
1.871473 2.000000 
2.940866 2.000000 
1.707821 1.000000 
2.109133 2.000000 
2.677639 1.000000 
0.695612 2.000000 
2.374387 1.000000 
2.194583 2.000000 
1.992748 1.000000 
0.864034 1.000000 
2.316465 2.000000 
3.270993 2.000000 
3.202752 2.000000 
1.225688 2.000000 
0.771977 2.000000 
1.505968 1.000000 
1.347936 1.000000 
2.441662 2.000000 
3.094895 2.000000 
2.257348 1.000000 
1.104742 2.000000 
2.805969 1.000000 
2.833757 2.000000 
1.251293 2.000000 
1.481442 2.000000 
0.362950 1.000000 
2.739396 1.000000 
3.168776 2.000000 
3.476195 1.000000 
1.222440 1.000000 
1.871477 1.000000 
2.963465 2.000000 
2.599925 1.000000 
3.220556 1.000000 
3.450729 1.000000 
1.460826 2.000000 
3.322021 2.000000 
1.159545 2.000000 
2.802772 1.000000 
2.381910 1.000000 
2.239967 2.000000 
2.313277 1.000000 
2.024999 2.000000 
-0.093947 2.000000 
1.490554 1.000000 
-0.407297 2.000000 
1.598626 2.000000 
1.686185 1.000000 
3.685451 2.000000 
1.981189 2.000000 
1.725443 1.000000 
1.415532 2.000000 
0.331558 2.000000 
0.130063 2.000000 
0.477485 1.000000 
3.388609 2.000000 
1.781887 2.000000 
1.870325 2.000000 
1.939276 1.000000 
1.109758 2.000000 
2.387584 2.000000 
2.056108 1.000000 
0.030723 2.000000 
2.733746 2.000000 
2.326686 2.000000 
1.954002 2.000000 
4.263503 2.000000 
1.247665 2.000000 
1.363373 1.000000 
1.930103 2.000000 
2.016994 1.000000 
0.843642 2.000000 
2.985513 2.000000 
2.043177 1.000000 
0.900673 2.000000 
1.604491 1.000000 
2.789322 2.000000 
1.612647 1.000000 
1.135153 2.000000 
1.439085 2.000000 
2.219831 1.000000 
2.491263 1.000000 
3.483764 2.000000 
3.024324 2.000000 
2.429372 2.000000 
2.790725 1.000000 
3.598807 2.000000 
1.365618 2.000000 
1.966432 2.000000 
2.379522 2.000000 
2.146669 1.000000 
3.018591 1.000000 
1.419033 2.000000 
1.791447 2.000000 
2.845071 2.000000 
1.330359 2.000000 
1.821479 1.000000 
2.475934 1.000000 
3.372118 2.000000 
2.577331 1.000000 
2.605405 2.000000 
3.384539 1.000000 
1.602894 1.000000 
-0.479313 2.000000 
0.852756 1.000000 
3.580700 1.000000 
2.520063 2.000000 
2.134581 2.000000 
3.113825 2.000000 
2.913590 2.000000 
2.626482 1.000000 
0.168276 2.000000 
1.938357 1.000000 
1.836774 2.000000 
1.807178 2.000000 
1.643727 2.000000 
3.199226 2.000000 
1.524509 2.000000 
2.889317 2.000000 
1.565555 2.000000 
2.939947 1.000000 
1.523680 2.000000 
0.112083 2.000000 
2.478479 1.000000 
2.801342 2.000000 
3.796287 2.000000 
2.444961 2.000000 
-0.614182 2.000000 
1.711430 2.000000 
2.775467 2.000000 
1.055962 2.000000 
2.366204 1.000000 
2.172012 2.000000 
3.943686 2.000000 
3.224293 2.000000 
1.808795 1.000000 
1.341991 2.000000 
3.975078 2.000000 
1.790242 1.000000 
1.665799 1.000000 
1.566678 2.000000 
2.015364 2.000000 
3.026408 1.000000 
2.238407 2.000000 
1.987139 2.000000 
2.011920 1.000000 
1.843035 2.000000 
3.019271 2.000000 
1.869710 2.000000 
1.890418 1.000000 
0.836241 2.000000 
2.431254 2.000000 
1.463590 2.000000 
2.134208 2.000000 
0.959972 2.000000 
2.137560 1.000000 
1.798618 1.000000 
2.244555 1.000000 
3.377735 2.000000 
2.186954 2.000000 
3.144728 2.000000 
2.364730 2.000000 
2.450518 2.000000 
2.308465 2.000000 
1.867222 1.000000 
2.188363 1.000000 
1.788794 2.000000 
0.989614 1.000000 
1.726173 2.000000 
2.226676 2.000000 
1.941820 1.000000 
1.077913 2.000000 
2.023300 2.000000 
1.870961 1.000000 
2.851489 2.000000 
1.759499 1.000000 
1.543780 2.000000 
3.659177 2.000000 
1.117100 1.000000 
1.648247 2.000000 
2.036225 1.000000 
1.963241 2.000000 
0.928266 2.000000 
1.278814 1.000000 
2.015220 2.000000 
3.089746 2.000000 
2.324602 1.000000 
2.328515 1.000000 
2.173518 2.000000 
1.381418 1.000000 
1.779252 2.000000 
3.553688 2.000000 
1.813099 1.000000 
2.050693 1.000000 
2.169494 2.000000 
2.144415 2.000000 
2.058055 2.000000 
3.333919 1.000000 
0.285759 2.000000 
1.720063 1.000000 
1.877433 2.000000 
1.777885 1.000000 
1.806507 2.000000 
1.237058 2.000000 
3.418614 1.000000 
3.191614 2.000000 
1.681730 2.000000 
1.438991 2.000000 
3.202837 2.000000 
1.654163 2.000000 
2.229998 2.000000 
1.397031 2.000000 
1.760222 2.000000 
0.398486 2.000000 
2.351843 2.000000 
0.881656 1.000000 
1.611470 2.000000 
2.540318 2.000000 
2.759025 2.000000 
2.861244 2.000000 
3.367950 1.000000 
2.361113 1.000000 
2.241623 2.000000 
0.753252 2.000000 
1.546195 2.000000 
0.914731 2.000000 
0.201509 2.000000 
3.244350 2.000000 
2.195447 2.000000 
0.908034 1.000000 
1.245482 2.000000 
1.738488 2.000000 
1.566923 2.000000 
3.399905 2.000000 
1.219120 2.000000 
1.277058 2.000000 
2.488136 1.000000 
1.290115 1.000000 
-0.237933 2.000000 
1.431491 2.000000 
2.102109 1.000000 
1.615765 2.000000 
2.678960 1.000000 
0.892359 1.000000 
1.967275 1.000000 
2.459666 2.000000 
2.343389 2.000000 
1.167309 1.000000 
1.001827 1.000000 
2.226154 2.000000 
1.151153 2.000000 
2.337366 1.000000 
1.873196 2.000000 
-0.096142 2.000000 
1.756269 1.000000 
1.733140 2.000000 
2.069587 1.000000 
0.361737 2.000000 
0.521963 2.000000 
1.010531 2.000000 
2.646291 1.000000 
2.097588 1.000000 
2.335332 2.000000 
1.094775 2.000000 
1.638112 2.000000 
2.058549 2.000000 
3.513914 1.000000 
1.855336 1.000000 
2.725628 2.000000 
2.516551 2.000000 
2.947556 2.000000 
1.494347 2.000000 
1.683703 1.000000 
2.329123 2.000000 
3.418720 2.000000 
2.422893 1.000000 
1.170655 2.000000 
1.763308 2.000000 
3.124091 2.000000 
1.588050 2.000000 
1.424656 2.000000 
2.992513 1.000000 
2.486595 2.000000 
2.287894 2.000000 
2.247997 2.000000 
1.926935 1.000000 
1.910015 2.000000 
1.763006 2.000000 
4.515495 2.000000 
1.153235 2.000000 
2.840902 2.000000 
2.274791 2.000000 
1.763056 1.000000 
1.605902 2.000000 
2.280308 1.000000 
2.245073 2.000000 
0.523760 2.000000 
1.979925 1.000000 
2.041726 2.000000 
1.207025 2.000000 
3.087134 1.000000 
2.429358 1.000000 
2.828879 2.000000 
2.362035 2.000000 
2.859306 1.000000 
1.348936 2.000000 
1.773710 2.000000 
2.639423 2.000000 
1.749904 2.000000 
0.660282 2.000000 
2.484551 2.000000 
2.173100 2.000000 
0.699666 2.000000 
2.688559 1.000000 
-0.450375 2.000000 
3.733091 2.000000 
2.244361 2.000000 
2.066589 1.000000 
1.893876 2.000000 
2.427027 2.000000 
1.054388 2.000000 
2.009973 1.000000 
2.730724 1.000000 
1.527401 2.000000 
1.885292 1.000000 
1.446561 1.000000 
1.154751 2.000000 
2.403772 2.000000 
0.763284 1.000000 
2.541019 2.000000 
1.844579 2.000000 
2.385066 2.000000 
1.658088 1.000000 
1.513931 1.000000 
0.623523 2.000000 
1.465719 2.000000 
1.950127 2.000000 
2.115159 1.000000 
2.361456 1.000000 
2.173288 2.000000 
2.321203 1.000000 
2.031016 1.000000 
1.174349 2.000000 
4.707701 2.000000 
2.433120 1.000000 
1.664758 2.000000 
2.866513 2.000000 
1.190168 2.000000 
3.191464 2.000000 
1.883785 2.000000 
1.935727 2.000000 
4.487507 2.000000 
2.564472 2.000000 
0.913048 2.000000 
1.138316 2.000000 
1.994774 1.000000 
1.447333 2.000000 
1.545157 2.000000 
0.626220 2.000000 
2.602890 1.000000 
2.637461 2.000000 
1.743238 2.000000 
3.096946 1.000000 
1.482202 1.000000 
2.942337 1.000000 
2.472522 1.000000 
2.100557 1.000000 
3.016884 2.000000 
2.305118 2.000000 
3.488092 2.000000 
1.668709 1.000000 
1.946443 2.000000 
1.934274 2.000000 
1.934462 1.000000 
2.401992 2.000000 
2.902602 2.000000 
1.975373 1.000000 
0.736629 2.000000 
2.205484 1.000000 
1.676249 2.000000 
2.318774 1.000000 
2.892036 2.000000 
2.249324 2.000000 
0.735090 2.000000 
3.206019 2.000000 
3.333015 1.000000 
3.246992 1.000000 
1.924535 2.000000 
0.511926 2.000000 
0.788673 2.000000 
2.477970 1.000000 
2.177737 1.000000 
1.865806 2.000000 
2.122945 2.000000 
2.453410 2.000000 
0.612123 2.000000 
2.366600 1.000000 
1.246719 2.000000 
1.684810 1.000000 
2.423600 1.000000 
2.055954 1.000000 
2.433839 1.000000 
2.792312 1.000000 
1.456453 2.000000 
1.331656 2.000000 
0.388179 2.000000 
0.217059 2.000000 
0.589785 1.000000 
2.059196 2.000000 
2.097102 1.000000 
3.145627 2.000000 
1.309990 1.000000 
2.390282 2.000000 
-0.595193 2.000000 
1.903970 2.000000 
0.325588 2.000000 
0.903076 2.000000 
2.416081 2.000000 
2.170544 1.000000 
2.196157 2.000000 
2.880920 1.000000 
2.547559 2.000000 
3.629053 2.000000 
2.718217 1.000000 
2.191810 1.000000 
2.836901 2.000000 
2.639439 2.000000 
3.768390 2.000000 
0.002401 2.000000 
2.166925 2.000000 
1.692763 1.000000 
1.285908 2.000000 
2.357634 1.000000 
1.774417 1.000000 
2.283097 1.000000 
-0.064595 2.000000 
3.449782 2.000000 
1.158875 2.000000 
2.730097 2.000000 
1.223857 2.000000 
0.732995 2.000000 
1.552264 1.000000 
2.414123 1.000000 
0.063579 2.000000 
2.249379 1.000000 
1.813915 1.000000 
2.207586 1.000000 
1.701072 2.000000 
1.594810 2.000000 
5.869371 2.000000 
1.727390 1.000000 
1.873231 2.000000 
1.580823 2.000000 
1.184997 2.000000 
3.589358 2.000000 
2.932702 1.000000 
3.412503 2.000000 
2.890122 1.000000 
2.841608 2.000000 
2.549759 1.000000 
2.005752 2.000000 
1.810182 1.000000 
1.912117 2.000000 
2.230322 1.000000 
3.987668 2.000000 
4.151640 2.000000 
1.677189 1.000000 
-0.454587 2.000000 
2.692206 1.000000 
1.496583 1.000000 
2.132138 2.000000 
2.832603 2.000000 
3.352067 2.000000 
1.791551 2.000000 
2.008242 2.000000 
2.402425 1.000000 
2.749060 2.000000 
2.957479 1.000000 
1.861520 1.000000 
2.547708 2.000000 
2.310803 1.000000 
1.816269 2.000000 
3.441977 2.000000 
1.127401 1.000000 
3.353447 1.000000 
1.489004 2.000000 
0.154274 2.000000 
0.690950 1.000000 
1.569899 2.000000 
1.980092 2.000000 
2.923152 2.000000 
2.765676 2.000000 
2.112964 2.000000 
3.635488 2.000000 
2.025683 1.000000 
3.003040 2.000000 
0.133051 2.000000 
3.581684 2.000000 
2.859359 1.000000 
2.707615 1.000000 
0.756057 2.000000 
0.939616 2.000000 
2.397050 2.000000 
0.205429 2.000000 
0.749971 2.000000 
1.870842 1.000000 
2.582311 2.000000 
0.510116 2.000000 
3.217949 2.000000 
1.237596 2.000000 
1.627343 2.000000 
2.021446 1.000000 
-0.531777 2.000000 
1.700668 1.000000 
1.669797 2.000000 
1.520504 2.000000 
2.981026 1.000000 
1.839243 2.000000 
1.516794 1.000000 
2.595941 1.000000 
1.289024 2.000000 
2.597828 2.000000 
3.201055 2.000000 
2.140656 2.000000 
2.459774 2.000000 
2.093568 1.000000 
2.407908 2.000000 
2.793803 2.000000 
2.627692 2.000000 
1.841572 1.000000 
2.228499 2.000000 
0.177181 2.000000 
1.805060 2.000000 
3.173663 2.000000 
1.515268 2.000000 
1.103071 2.000000 
2.687675 2.000000 
1.426133 2.000000 
3.124459 2.000000 
3.152819 2.000000 
2.721894 2.000000 
0.642478 2.000000 
1.399280 2.000000 
2.618302 2.000000 
0.597305 2.000000 
1.982258 2.000000 
2.311926 1.000000 
-0.128624 2.000000 
1.704164 2.000000 
1.374438 1.000000 
1.415257 2.000000 
0.855818 1.000000 
2.076724 1.000000 
2.518963 1.000000 
1.717559 2.000000 
1.607007 2.000000 
0.813477 2.000000 
2.248758 1.000000 
2.122411 2.000000 
3.743105 2.000000 
2.825387 2.000000 
2.280229 2.000000 
2.281621 1.000000 
2.376077 1.000000 
2.479486 1.000000 
1.117368 2.000000 
1.618450 1.000000 
3.007062 2.000000 
3.210098 2.000000 
3.217616 2.000000 
2.799651 2.000000 
1.276573 2.000000 
1.394214 2.000000 
2.952887 1.000000 
0.897519 2.000000 
2.940921 2.000000 
1.192842 1.000000 
2.082771 2.000000 
0.830480 2.000000 
2.952996 2.000000 
1.348629 1.000000 
2.765671 2.000000 
1.054861 2.000000 
3.225505 2.000000 
0.082304 2.000000 
2.478594 2.000000 
2.463842 1.000000 
2.222492 1.000000 
3.378835 2.000000 
1.156641 2.000000 
2.397366 2.000000 
2.710668 1.000000 
2.704629 2.000000 
1.000674 2.000000 
2.255168 1.000000 
3.243624 2.000000 
2.010067 1.000000 
2.885509 1.000000 
2.162048 1.000000 
1.439006 2.000000 
0.309260 2.000000 
3.010686 2.000000 
2.098002 1.000000 
1.847365 1.000000 
2.001199 2.000000 
1.237053 2.000000 
2.786369 2.000000 
2.550701 2.000000 
3.268356 2.000000 
3.019562 1.000000 
4.112157 2.000000 
2.425369 1.000000 
2.519988 1.000000 
2.981071 1.000000 
3.525748 2.000000 
0.164352 2.000000 
2.041351 1.000000 
0.453084 2.000000 
1.277351 1.000000 
3.077195 2.000000 
1.425861 2.000000 
1.061705 1.000000 
1.216966 2.000000 
2.506123 1.000000 
1.403548 2.000000 
2.044628 2.000000 
0.690853 2.000000 
2.296484 1.000000 
2.281566 1.000000 
2.876209 2.000000 
2.562448 2.000000 
1.716818 1.000000 
2.749441 2.000000 
2.066799 2.000000 
-0.480825 2.000000 
1.612624 2.000000 
2.637261 2.000000 
2.265311 1.000000 
1.149511 1.000000 
2.703663 2.000000 
3.138142 2.000000 
1.727362 2.000000 
3.464803 2.000000 
2.497383 2.000000 
0.318034 2.000000 
2.834251 2.000000 
2.031035 1.000000 
2.684886 1.000000 
3.087390 2.000000 
2.321833 2.000000 
0.871614 2.000000 
2.681733 1.000000 
2.758430 2.000000 
3.059963 2.000000 
0.696286 2.000000 
2.064634 1.000000 
0.945775 2.000000 
1.804967 1.000000 
3.431807 1.000000 
1.747869 1.000000 
2.014758 1.000000 
2.660110 1.000000 
0.785075 2.000000 
2.598050 1.000000 
2.262399 1.000000 
2.626056 2.000000 
3.463196 2.000000 
1.679467 2.000000 
2.042020 2.000000 
2.288093 2.000000 
3.358244 2.000000 
2.159500 2.000000 
1.347029 1.000000 
1.014956 2.000000 
-0.736733 2.000000 
2.416949 1.000000 
2.514783 2.000000 
1.458974 1.000000 
1.719852 2.000000 
3.302711 2.000000 
4.709462 2.000000 
2.795275 1.000000 
3.063509 1.000000 
2.270259 2.000000 
2.717248 1.000000 
2.656632 2.000000 
2.154803 2.000000 
1.172767 2.000000 
3.026069 2.000000 
2.521859 1.000000 
2.867324 2.000000 
1.720316 2.000000 
1.986718 1.000000 
1.772077 2.000000 
2.691746 2.000000 
0.403049 2.000000 
-0.520913 1.000000 
1.606671 1.000000 
2.359824 2.000000 
2.608691 2.000000 
3.019849 2.000000 
1.460133 1.000000 
3.749625 2.000000 
2.658890 2.000000 
2.617936 1.000000 
4.986127 2.000000 
3.067226 1.000000 
1.312867 2.000000 
3.690952 2.000000 
3.659333 2.000000 
2.736467 1.000000 
3.702928 2.000000 
1.269444 1.000000 
1.845225 2.000000 
1.795484 1.000000 
2.389045 2.000000 
3.481123 1.000000 
0.973007 2.000000 
2.749429 2.000000 
1.645943 2.000000 
2.117781 1.000000 
1.779395 2.000000 
2.366703 2.000000 
2.112230 2.000000 
3.523891 2.000000 
1.809159 1.000000 
3.911243 2.000000 
3.112681 2.000000 
1.027017 2.000000 
3.025927 1.000000 
3.442499 1.000000 
3.309124 2.000000 
1.067249 2.000000 
1.754185 1.000000 
2.879836 2.000000 
0.658758 2.000000 
0.966546 2.000000 
1.881973 2.000000 
1.838866 2.000000 
3.348869 2.000000 
2.190984 1.000000 
-0.239639 2.000000 
3.318783 2.000000 
1.576327 2.000000 
1.601770 2.000000 
1.318977 2.000000 
1.903049 1.000000 
2.461506 2.000000 
1.333927 2.000000 
3.187656 1.000000 
2.962559 2.000000 
2.851088 1.000000 
1.717582 1.000000 
1.981975 1.000000 
3.055830 2.000000 
3.752517 2.000000 
1.368019 1.000000 
2.025654 1.000000 
1.966808 2.000000 
3.293068 2.000000 
2.344193 1.000000 
3.029524 2.000000 
3.088157 2.000000 
-0.718271 2.000000 
