1.141522 2.000000 
1.957736 2.000000 
2.674619 1.000000 
3.153316 2.000000 
1.472982 1.000000 
3.795332 2.000000 
1.248161 2.000000 
2.192966 2.000000 
2.574493 1.000000 
1.095944 2.000000 
3.023928 2.000000 
2.675852 1.000000 
2.393949 1.000000 
2.527359 1.000000 
2.161219 2.000000 
1.270658 2.000000 
2.675426 2.000000 
2.834259 2.000000 
0.347685 2.000000 
3.337897 1.000000 
1.683386 2.000000 
2.268626 1.000000 
1.766380 1.000000 
3.597691 2.000000 
0.938437 2.000000 
1.912766 1.000000 
2.455709 2.000000 
2.672473 1.000000 
0.044837 2.000000 
1.860302 2.000000 
1.936748 2.000000 
1.612027 2.000000 
2.354880 1.000000 
2.087356 1.000000 
2.797023 2.000000 
0.819381 2.000000 
2.817105 2.000000 
1.844922 2.000000 
2.255946 2.000000 
2.626805 2.000000 
2.661121 2.000000 
1.593049 2.000000 
1.759725 2.000000 
2.623434 2.000000 
2.035260 1.000000 
1.279888 2.000000 
-0.454689 2.000000 
1.887431 2.000000 
3.373225 1.000000 
1.888379 2.000000 
1.515490 1.000000 
1.129396 1.000000 
1.771402 1.000000 
3.344001 2.000000 
1.409358 2.000000 
2.379987 1.000000 
1.453200 2.000000 
0.302681 2.000000 
2.526584 1.000000 
3.051468 2.000000 
1.563771 2.000000 
2.399422 1.000000 
2.714630 2.000000 
0.958897 2.000000 
1.965837 2.000000 
2.776034 2.000000 
1.814123 2.000000 
3.900503 2.000000 
3.055401 1.000000 
2.615002 2.000000 
0.536378 2.000000 
2.190598 1.000000 
2.331169 2.000000 
2.215944 1.000000 
1.823955 1.000000 
1.509823 2.000000 
0.950740 2.000000 
1.993844 2.000000 
0.303896 2.000000 
3.170478 2.000000 
2.073267 1.000000 
1.447564 1.000000 
3.147639 1.000000 
1.615188 2.000000 
1.443087 2.000000 
2.576366 1.000000 
3.113655 2.000000 
1.292504 2.000000 
2.765431 2.000000 
1.043034 2.000000 
2.038889 1.000000 
2.579609 2.000000 
2.239802 2.000000 
1.799855 2.000000 
1.809936 1.000000 
1.195122 2.000000 
2.425391 1.000000 
0.902731 2.000000 
3.322502 1.000000 
2.760800 2.000000 
0.858987 1.000000 
3.640465 2.000000 
0.581659 2.000000 
2.764166 1.000000 
1.726861 2.000000 
0.602859 2.000000 
0.790696 2.000000 
1.386713 2.000000 
1.828465 1.000000 
2.074922 2.000000 
3.508193 1.000000 
2.126119 2.000000 
1.548088 1.000000 
2.567272 1.000000 
2.621133 2.000000 
2.418995 1.000000 
2.808710 2.000000 
1.958049 1.000000 
2.655581 2.000000 
2.932299 2.000000 
1.938911 1.000000 
1.961777 2.000000 
2.043978 2.000000 
0.651940 1.000000 
2.214676 1.000000 
1.642530 2.000000 
2.050989 1.000000 
2.332641 2.000000 
3.681420 1.000000 
0.211374 2.000000 
2.208160 2.000000 
0.798765 2.000000 
3.721726 2.000000 
4.028260 2.000000 
2.382871 1.000000 
1.190471 2.000000 
2.573435 1.000000 
1.682469 2.000000 
1.637006 1.000000 
1.792751 2.000000 
2.026449 2.000000 
1.623919 2.000000 
2.472536 2.000000 
1.517694 2.000000 
3.684676 2.000000 
1.151229 1.000000 
1.895733 1.000000 
2.440133 2.000000 
2.205198 1.000000 
2.712783 1.000000 
1.933382 2.000000 
-0.228331 2.000000 
1.866500 2.000000 
1.629759 2.000000 
1.956897 1.000000 
1.749557 1.000000 
2.707356 1.000000 
1.824328 2.000000 
2.343661 2.000000 
1.636222 1.000000 
1.526527 1.000000 
2.788784 2.000000 
1.154254 2.000000 
0.234697 2.000000 
2.595391 1.000000 
1.777571 2.000000 
0.409758 2.000000 
2.328575 2.000000 
1.980302 1.000000 
2.013437 1.000000 
2.616462 2.000000 
2.009924 2.000000 
2.624188 1.000000 
2.010575 1.000000 
1.860386 2.000000 
2.296866 2.000000 
2.826873 1.000000 
3.334552 2.000000 
1.414047 2.000000 
2.820362 1.000000 
1.838441 2.000000 
1.978881 2.000000 
3.137019 2.000000 
1.768081 1.000000 
1.911976 1.000000 
3.501029 2.000000 
1.292440 1.000000 
1.401438 1.000000 
2.602497 2.000000 
2.146818 1.000000 
1.522738 2.000000 
2.472825 1.000000 
2.550633 1.000000 
1.906123 1.000000 
2.036820 1.000000 
2.883812 2.000000 
2.917872 1.000000 
2.424032 2.000000 
2.586860 2.000000 
1.576351 2.000000 
3.516595 2.000000 
4.042070 2.000000 
2.377290 2.000000 
2.585738 2.000000 
2.967077 2.000000 
2.330766 2.000000 
2.343794 2.000000 
2.282499 2.000000 
2.733170 2.000000 
1.163259 2.000000 
2.478752 1.000000 
3.475075 2.000000 
1.888666 2.000000 
2.454958 2.000000 
1.359821 2.000000 
2.998850 2.000000 
3.331925 2.000000 
3.554249 2.000000 
1.450126 1.000000 
1.119403 2.000000 
1.922794 1.000000 
3.226602 2.000000 
0.660268 2.000000 
2.055975 2.000000 
2.463947 1.000000 
1.440885 2.000000 
2.856661 2.000000 
2.475382 1.000000 
0.568062 2.000000 
1.154175 2.000000 
2.664082 2.000000 
2.548410 2.000000 
1.735248 2.000000 
2.694768 2.000000 
1.972583 1.000000 
1.569285 2.000000 
2.524273 2.000000 
1.642098 2.000000 
2.399588 1.000000 
1.158091 1.000000 
3.135898 2.000000 
0.448492 2.000000 
1.853025 2.000000 
1.944453 1.000000 
1.350700 2.000000 
2.622627 1.000000 
2.871691 2.000000 
1.590019 2.000000 
2.697433 1.000000 
1.854520 1.000000 
2.991488 2.000000 
2.802925 1.000000 
2.399167 1.000000 
1.667690 2.000000 
2.647882 1.000000 
2.519081 2.000000 
2.977598 2.000000 
2.891700 2.000000 
1.692537 2.000000 
4.961267 2.000000 
2.163730 2.000000 
2.274524 1.000000 
1.980878 2.000000 
1.897505 2.000000 
2.083082 2.000000 
1.980538 1.000000 
2.337546 1.000000 
4.450719 2.000000 
1.637006 2.000000 
3.825413 1.000000 
2.363363 2.000000 
3.048838 2.000000 
2.090481 2.000000 
2.999574 2.000000 
2.347955 2.000000 
1.538886 1.000000 
1.962591 1.000000 
3.146962 2.000000 
1.071604 1.000000 
2.208277 2.000000 
0.286073 2.000000 
2.710380 1.000000 
3.080624 2.000000 
3.638805 2.000000 
1.506643 1.000000 
1.570492 1.000000 
0.908906 2.000000 
1.685686 2.000000 
2.023752 2.000000 
3.548861 1.000000 
0.964339 2.000000 
1.280956 2.000000 
2.098839 1.000000 
1.679142 1.000000 
1.844511 2.000000 
3.226553 2.000000 
1.743128 2.000000 
2.463618 1.000000 
1.597947 2.000000 
2.363775 2.000000 
2.697871 2.000000 
2.388943 2.000000 
2.835595 2.000000 
2.279416 2.000000 
2.450477 1.000000 
1.466278 2.000000 
2.615019 1.000000 
2.526767 2.000000 
1.842645 2.000000 
1.162012 2.000000 
1.105230 2.000000 
1.467701 1.000000 
1.868691 2.000000 
2.254895 1.000000 
2.570279 1.000000 
3.371092 1.000000 
2.141406 2.000000 
2.584197 1.000000 
3.470895 2.000000 
1.781096 1.000000 
1.084436 2.000000 
1.063548 2.000000 
2.723793 1.000000 
3.294595 1.000000 
1.711807 2.000000 
2.281470 2.000000 
2.799559 2.000000 
2.722524 2.000000 
0.681779 2.000000 
0.973294 2.000000 
1.940150 2.000000 
2.380859 1.000000 
4.723475 2.000000 
2.494569 2.000000 
0.801898 2.000000 
2.749252 1.000000 
1.293178 1.000000 
1.935194 1.000000 
1.647108 2.000000 
1.444959 1.000000 
2.508843 2.000000 
5.478491 2.000000 
1.701681 2.000000 
2.898243 2.000000 
2.385817 2.000000 
3.672273 2.000000 
3.326401 1.000000 
1.921723 2.000000 
3.405281 2.000000 
1.845564 2.000000 
2.978155 2.000000 
0.849350 2.000000 
2.977607 2.000000 
0.684348 2.000000 
0.164442 2.000000 
2.237644 2.000000 
3.956488 2.000000 
2.956570 2.000000 
3.910724 1.000000 
2.588945 2.000000 
2.377310 1.000000 
3.351682 2.000000 
2.082610 2.000000 
1.509500 2.000000 
2.248037 1.000000 
2.743376 2.000000 
1.128007 2.000000 
1.680137 2.000000 
2.362765 2.000000 
2.559576 2.000000 
3.364277 1.000000 
2.384752 1.000000 
3.159316 2.000000 
2.369170 2.000000 
2.131588 2.000000 
2.028127 2.000000 
2.468265 2.000000 
2.886236 1.000000 
2.344530 2.000000 
2.520653 2.000000 
1.142422 2.000000 
2.218683 2.000000 
-0.271853 2.000000 
1.869049 2.000000 
4.064133 2.000000 
2.392201 2.000000 
2.203365 1.000000 
1.485561 2.000000 
0.324065 2.000000 
1.024082 2.000000 
4.159224 2.000000 
0.908781 2.000000 
2.190890 1.000000 
2.614346 1.000000 
2.478515 2.000000 
1.963753 2.000000 
3.481933 2.000000 
2.705112 1.000000 
1.415327 2.000000 
2.850088 2.000000 
0.671809 2.000000 
3.025424 2.000000 
1.632901 2.000000 
2.882648 2.000000 
2.066371 2.000000 
2.856702 2.000000 
1.337427 2.000000 
0.533138 2.000000 
3.291398 2.000000 
1.514359 2.000000 
2.927066 1.000000 
1.521038 1.000000 
0.515851 2.000000 
2.198674 2.000000 
2.351357 1.000000 
1.715211 2.000000 
1.782661 1.000000 
2.158750 1.000000 
2.789088 2.000000 
1.497086 2.000000 
2.729281 2.000000 
2.983077 2.000000 
3.196732 2.000000 
1.741487 2.000000 
1.721030 2.000000 
1.923718 1.000000 
-0.380796 2.000000 
1.897350 1.000000 
-0.334115 2.000000 
2.504813 2.000000 
2.458286 2.000000 
1.369528 2.000000 
1.414667 2.000000 
2.881176 1.000000 
2.416361 1.000000 
2.924915 2.000000 
0.315997 2.000000 
1.443795 2.000000 
2.625157 1.000000 
1.623447 1.000000 
2.079704 1.000000 
1.094319 1.000000 
2.137866 2.000000 
1.599375 2.000000 
-0.288533 2.000000 
2.133935 2.000000 
1.911830 1.000000 
1.619914 1.000000 
2.374147 2.000000 
0.311730 2.000000 
2.659817 1.000000 
2.332568 1.000000 
0.699576 2.000000 
3.835435 2.000000 
4.989701 2.000000 
1.511252 2.000000 
0.161785 2.000000 
-0.018049 2.000000 
2.935801 1.000000 
1.828615 2.000000 
1.852008 2.000000 
1.835634 1.000000 
1.610452 1.000000 
2.484499 1.000000 
3.570150 2.000000 
2.041755 2.000000 
2.071139 2.000000 
1.989441 2.000000 
2.565054 1.000000 
1.102472 1.000000 
1.816695 2.000000 
1.302741 2.000000 
2.304358 2.000000 
2.029882 2.000000 
2.605422 2.000000 
2.721166 2.000000 
1.677298 2.000000 
1.967290 1.000000 
2.268274 1.000000 
2.130499 2.000000 
0.747568 2.000000 
3.013214 2.000000 
1.130495 2.000000 
3.134806 1.000000 
3.497664 2.000000 
2.805395 1.000000 
0.015221 2.000000 
1.723250 2.000000 
2.492517 2.000000 
2.523319 2.000000 
3.402305 2.000000 
1.342755 2.000000 
1.135276 2.000000 
-0.121548 2.000000 
3.113018 1.000000 
0.891289 2.000000 
2.393884 1.000000 
2.848893 1.000000 
2.910825 2.000000 
1.528623 2.000000 
1.359316 2.000000 
0.717276 2.000000 
1.616742 1.000000 
2.921711 1.000000 
1.916894 2.000000 
2.821123 2.000000 
2.109856 2.000000 
2.021329 2.000000 
1.715513 1.000000 
1.393120 2.000000 
2.454451 2.000000 
2.976530 1.000000 
1.968434 2.000000 
2.962144 1.000000 
2.327225 1.000000 
2.697876 1.000000 
2.229732 1.000000 
2.891532 1.000000 
2.406605 2.000000 
3.304396 2.000000 
2.926591 2.000000 
1.653136 1.000000 
2.623748 2.000000 
2.008794 1.000000 
0.974116 2.000000 
4.026286 2.000000 
1.513835 1.000000 
1.391780 2.000000 
1.697737 1.000000 
2.140899 1.000000 
3.423568 2.000000 
2.493236 1.000000 
2.706260 1.000000 
1.260857 1.000000 
1.615708 1.000000 
2.006725 2.000000 
0.759977 2.000000 
1.384196 1.000000 
1.485284 1.000000 
1.460420 1.000000 
2.315872 2.000000 
3.077975 2.000000 
3.799222 2.000000 
3.071245 2.000000 
1.314645 1.000000 
0.642848 2.000000 
1.735955 1.000000 
1.939060 2.000000 
1.203496 2.000000 
1.421912 1.000000 
2.684663 1.000000 
2.385970 1.000000 
2.422192 2.000000 
3.594204 1.000000 
2.699420 1.000000 
2.337691 1.000000 
1.949956 2.000000 
2.866389 2.000000 
2.119909 2.000000 
0.884706 2.000000 
0.744818 2.000000 
0.039044 2.000000 
0.684122 2.000000 
0.831557 2.000000 
2.705237 2.000000 
4.183336 2.000000 
1.963442 1.000000 
2.619559 1.000000 
1.379340 2.000000 
4.726778 2.000000 
2.856082 2.000000 
2.339136 2.000000 
2.088515 1.000000 
2.684513 2.000000 
2.706574 2.000000 
0.301751 2.000000 
1.195088 2.000000 
2.094030 1.000000 
2.155996 2.000000 
0.008288 2.000000 
3.600251 1.000000 
4.002718 2.000000 
1.379986 2.000000 
1.403719 1.000000 
1.951680 1.000000 
2.306219 2.000000 
2.530079 2.000000 
2.528645 1.000000 
1.358398 2.000000 
2.206132 1.000000 
0.082866 2.000000 
1.865219 2.000000 
2.798444 2.000000 
1.658481 1.000000 
0.283821 2.000000 
1.365484 1.000000 
2.011305 1.000000 
1.356775 2.000000 
0.570477 2.000000 
2.993878 1.000000 
2.918660 2.000000 
2.020171 2.000000 
2.291189 1.000000 
-0.189277 2.000000 
2.765644 2.000000 
2.458557 2.000000 
1.944401 2.000000 
2.039835 2.000000 
2.667408 2.000000 
1.402288 1.000000 
2.050786 1.000000 
1.964655 2.000000 
0.968971 2.000000 
-0.770924 2.000000 
2.785718 2.000000 
-0.382927 2.000000 
2.808322 2.000000 
-0.525685 2.000000 
1.808306 2.000000 
3.241780 1.000000 
1.791460 2.000000 
1.629443 1.000000 
2.613180 1.000000 
1.810778 1.000000 
2.502254 2.000000 
2.627043 1.000000 
2.926105 2.000000 
2.310392 1.000000 
0.673904 2.000000 
1.980001 2.000000 
3.093101 2.000000 
2.469726 2.000000 
3.639136 2.000000 
2.015349 2.000000 
2.650757 2.000000 
1.154280 2.000000 
3.395175 1.000000 
2.810926 2.000000 
2.063103 1.000000 
3.222024 1.000000 
2.042818 2.000000 
1.390778 2.000000 
3.101913 2.000000 
2.654619 2.000000 
0.049659 2.000000 
2.314410 2.000000 
2.549259 2.000000 
2.041146 1.000000 
1.654452 1.000000 
1.469198 2.000000 
2.838525 2.000000 
1.971449 2.000000 
2.558602 1.000000 
1.800101 2.000000 
3.339384 1.000000 
2.016166 1.000000 
1.969054 2.000000 
2.356748 1.000000 
2.370970 2.000000 
0.924577 2.000000 
1.928766 2.000000 
2.895449 1.000000 
3.056122 2.000000 
2.284008 2.000000 
2.172745 2.000000 
0.664251 1.000000 
1.543889 1.000000 
3.966461 2.000000 
2.738657 2.000000 
3.447156 1.000000 
1.923484 2.000000 
0.854547 2.000000 
1.835761 1.000000 
3.395756 2.000000 
2.639532 2.000000 
2.428294 2.000000 
1.335489 1.000000 
2.013408 1.000000 
0.665361 2.000000 
3.270770 2.000000 
2.049794 2.000000 
2.494302 2.000000 
1.774260 2.000000 
0.865603 2.000000 
3.989527 2.000000 
2.818798 2.000000 
2.442977 1.000000 
0.621690 2.000000 
0.668282 2.000000 
2.384642 1.000000 
3.290499 2.000000 
2.657374 2.000000 
1.968037 1.000000 
2.896394 2.000000 
4.045102 2.000000 
2.692300 2.000000 
1.572573 2.000000 
2.721220 1.000000 
3.099535 1.000000 
0.819791 2.000000 
2.027258 2.000000 
1.730806 2.000000 
2.936495 1.000000 
2.983935 1.000000 
2.361331 1.000000 
2.467547 1.000000 
1.474256 1.000000 
2.131380 1.000000 
1.641267 1.000000 
2.002500 2.000000 
1.882561 2.000000 
2.452040 2.000000 
2.892489 1.000000 
1.307687 2.000000 
2.529832 1.000000 
3.336206 1.000000 
1.646526 2.000000 
2.061062 2.000000 
2.960475 2.000000 
1.380160 2.000000 
1.708204 2.000000 
2.864513 1.000000 
0.386751 2.000000 
2.513786 2.000000 
0.546741 2.000000 
2.248465 1.000000 
4.420502 2.000000 
1.649381 1.000000 
3.062835 2.000000 
2.568676 2.000000 
2.677534 1.000000 
2.756121 2.000000 
1.481130 2.000000 
3.122462 1.000000 
1.333985 1.000000 
1.710745 1.000000 
2.348953 1.000000 
2.153100 1.000000 
2.511782 2.000000 
0.350635 2.000000 
2.592322 1.000000 
2.421080 1.000000 
0.960220 2.000000 
1.838949 2.000000 
-0.460590 2.000000 
3.328660 1.000000 
0.005037 2.000000 
2.725359 1.000000 
0.928913 2.000000 
2.863300 1.000000 
2.068062 2.000000 
1.491262 1.000000 
1.830515 2.000000 
-0.865561 2.000000 
3.512098 2.000000 
2.034789 1.000000 
2.470794 1.000000 
0.658934 2.000000 
-0.605431 2.000000 
2.625699 1.000000 
2.346007 1.000000 
0.965774 2.000000 
1.383691 1.000000 
2.607845 2.000000 
2.434440 1.000000 
2.132604 2.000000 
1.966802 1.000000 
1.815951 2.000000 
2.236924 1.000000 
1.765286 1.000000 
1.780631 2.000000 
1.098037 1.000000 
4.053408 2.000000 
1.376253 2.000000 
1.770916 1.000000 
0.860346 2.000000 
2.418885 2.000000 
1.911275 1.000000 
1.467492 1.000000 
1.251350 2.000000 
2.670700 2.000000 
2.943293 1.000000 
2.730425 1.000000 
0.687111 2.000000 
2.823948 2.000000 
1.088654 1.000000 
-0.944671 2.000000 
2.723445 2.000000 
1.657245 2.000000 
2.288285 2.000000 
2.417499 2.000000 
1.932632 2.000000 
2.788887 2.000000 
4.044043 2.000000 
2.546465 2.000000 
2.721176 2.000000 
2.390539 2.000000 
2.162512 1.000000 
3.088270 2.000000 
1.610753 1.000000 
